1000
58 20 9
71 28 11
71 76 48
32 67 10
54 18 72
88 45 37
48 39 20
78 28 94
19 23 85
56 65 95
24 1 68
74 76 22
42 4 54
54 98 4
67 45 63
72 9 77
77 75 53
67 88 33
19 61 77
82 94 57
31 32 20
8 34 45
50 91 58
52 20 71
19 87 86
0 10 42
42 65 78
100 97 2
82 86 16
57 28 81
13 45 52
29 2 60
100 1 1
91 86 32
87 57 12
41 98 74
74 35 91
42 63 85
77 89 75
85 73 67
21 99 3
65 70 12
55 36 81
19 95 1
67 58 20
65 18 82
34 16 89
59 83 100
1 97 39
22 88 73
8 7 32
96 67 6
14 78 60
100 68 14
49 35 2
47 39 84
30 64 33
81 53 85
2 20 12
94 54 91
23 100 5
97 44 64
85 84 21
28 14 70
88 17 100
51 61 55
100 6 31
78 12 26
43 48 99
7 33 36
40 58 61
5 19 45
52 68 11
79 88 11
7 72 10
16 5 23
12 3 26
15 72 4
71 28 4
16 39 79
82 77 39
47 2 34
47 25 9
57 85 91
33 56 65
22 2 57
70 44 46
15 19 12
7 68 97
87 63 16
68 6 13
56 56 52
93 8 68
48 46 58
7 79 5
0 34 29
88 58 41
29 36 86
32 27 27
39 5 38
20 56 46
15 14 85
36 22 35
34 29 37
98 41 60
30 25 5
42 13 34
28 89 30
31 40 41
77 75 10
73 7 6
72 83 63
15 90 92
32 74 85
46 54 18
61 55 7
97 10 91
0 99 43
74 86 67
20 46 63
23 5 33
36 41 40
88 56 9
43 47 33
0 15 62
28 44 77
78 92 39
1 45 6
27 6 1
99 10 38
91 96 80
76 21 60
53 61 85
93 24 72
4 47 5
6 90 18
35 55 45
98 96 13
57 53 73
48 86 21
86 25 64
31 83 25
79 94 60
56 91 37
71 75 25
69 74 98
69 3 81
66 68 37
16 12 2
8 58 1
83 56 97
16 79 40
25 2 9
17 63 22
84 26 67
91 54 60
98 29 77
55 58 79
1 7 59
32 14 83
89 21 73
100 89 79
70 67 75
76 27 10
47 52 75
82 70 56
32 10 75
22 45 39
46 13 25
82 24 95
93 68 55
37 33 18
73 81 29
80 25 64
18 75 8
19 57 99
93 94 28
44 7 12
11 32 65
67 60 11
48 21 33
85 13 84
36 42 44
76 87 22
52 79 95
96 33 27
42 25 39
16 54 82
61 63 52
37 92 57
56 92 59
0 57 27
40 9 35
16 93 89
83 21 71
50 78 61
72 17 12
15 29 66
94 75 65
55 71 46
54 99 95
30 86 56
7 78 53
33 20 79
67 48 15
63 47 47
59 98 12
84 1 80
45 61 96
57 92 78
28 53 36
47 68 48
40 31 94
90 98 72
22 4 96
51 72 5
14 58 26
31 3 8
0 53 42
37 24 17
42 73 40
52 56 84
39 94 64
46 71 15
99 77 4
75 53 41
66 25 14
73 81 87
59 22 76
1 73 59
75 71 84
16 15 64
38 4 1
21 63 84
99 58 92
68 88 23
49 73 97
13 98 74
53 80 34
13 42 34
82 47 30
21 94 36
43 58 83
25 76 48
90 72 20
50 45 96
33 44 96
10 9 17
75 9 23
56 83 72
11 5 82
19 7 99
28 100 1
95 21 59
31 46 91
100 70 91
31 90 6
92 4 28
79 46 84
95 59 36
34 72 75
10 86 69
35 55 63
84 63 23
36 69 53
3 83 27
90 48 65
8 59 6
46 4 73
75 76 37
60 86 100
97 14 17
88 27 3
27 23 13
59 82 94
4 80 61
38 2 57
74 92 31
16 43 68
61 56 2
69 44 38
5 74 9
23 7 57
81 14 29
14 89 2
87 37 36
21 60 67
100 74 54
54 93 10
6 56 93
24 26 19
2 86 38
17 52 13
30 41 28
66 96 69
54 13 86
16 97 9
94 11 37
85 16 71
1 87 21
33 12 86
50 36 93
43 82 22
33 69 55
30 15 68
35 8 16
50 22 39
1 42 57
78 28 15
4 92 13
63 43 23
57 48 78
93 85 66
53 97 9
38 31 43
60 52 78
7 25 48
94 24 53
20 18 1
64 20 30
39 68 98
47 27 41
75 31 59
42 8 52
4 99 34
60 87 90
49 79 11
17 46 54
14 36 81
23 74 80
52 91 16
90 47 68
74 27 60
98 4 46
66 90 100
75 28 25
11 60 98
78 71 68
79 26 26
59 78 24
10 19 4
14 10 10
46 74 16
52 27 39
5 4 81
47 92 81
0 20 21
9 70 2
6 97 77
34 10 100
77 18 99
22 64 65
35 64 17
91 59 33
98 23 27
2 72 59
51 34 61
87 15 84
11 45 47
21 1 14
91 2 82
70 15 34
16 81 32
91 77 63
27 65 77
35 45 55
81 38 96
100 35 40
0 39 48
92 10 71
62 90 75
13 9 38
0 30 70
33 58 9
78 84 95
99 8 69
67 54 42
100 18 7
1 90 31
7 55 65
31 57 62
38 92 85
4 45 66
41 97 68
85 9 98
69 11 77
46 18 82
84 98 55
26 57 61
52 29 5
47 71 80
71 59 9
84 30 23
0 55 55
10 72 100
42 91 58
14 46 40
88 5 55
15 40 98
68 45 5
38 15 17
50 96 59
6 26 84
44 27 57
98 85 38
33 35 34
91 41 56
25 40 82
56 6 32
24 29 11
81 4 75
78 53 78
47 1 94
1 95 53
65 39 45
47 88 70
66 20 11
93 61 47
55 71 19
41 26 27
34 74 94
68 82 88
43 99 74
97 69 86
97 10 17
53 6 61
61 29 41
53 22 1
19 53 6
94 53 82
84 5 4
83 89 31
41 31 52
44 71 96
86 75 33
54 31 99
19 59 93
52 33 14
22 41 17
12 9 17
72 45 65
7 13 7
65 88 97
22 95 30
34 59 57
39 39 55
85 67 94
38 27 52
68 85 59
34 5 87
93 37 34
50 42 68
4 62 87
14 33 90
2 36 39
84 71 12
48 100 27
77 97 48
20 14 88
95 95 17
100 84 31
81 58 33
49 11 58
92 40 17
70 16 5
84 38 75
1 28 70
58 20 22
34 92 69
23 34 79
99 91 5
52 69 42
96 44 13
24 8 15
73 60 73
24 57 38
9 3 8
12 88 91
100 28 10
32 77 66
71 52 15
42 62 90
51 46 69
54 84 77
69 82 83
67 43 20
46 25 23
98 39 27
93 62 100
42 33 100
79 100 64
93 5 46
78 3 72
20 41 6
95 82 27
16 53 10
19 80 12
69 25 52
99 3 95
50 66 61
17 55 29
5 92 68
37 33 85
23 60 91
77 83 32
22 21 46
4 38 5
84 79 77
97 96 54
8 20 80
79 40 83
46 26 68
69 96 28
49 86 5
83 53 23
3 75 98
82 65 54
8 3 76
65 91 93
38 73 58
55 94 47
27 61 19
17 81 100
94 6 97
38 18 74
13 15 91
10 22 55
72 84 72
32 71 93
13 94 70
74 35 78
29 94 95
32 98 7
80 65 25
49 97 30
25 55 35
81 88 84
87 5 14
40 79 88
66 98 21
45 94 28
16 20 13
52 71 59
24 57 9
40 29 7
88 17 98
69 96 3
85 93 63
100 37 76
2 93 86
54 73 68
74 86 76
96 80 66
54 53 91
90 93 62
60 100 78
100 6 94
48 77 79
73 93 3
25 63 58
54 36 40
49 48 55
44 62 13
67 73 45
58 16 65
96 23 79
95 88 7
73 67 79
63 42 23
11 97 8
32 68 96
12 25 45
66 16 67
25 93 2
45 83 96
95 61 13
31 11 98
53 70 66
97 7 12
83 62 4
44 33 42
64 76 28
13 66 1
18 18 95
48 48 69
29 21 89
99 99 99
81 64 71
12 72 83
12 100 82
2 76 15
9 76 39
69 77 100
59 72 79
90 69 64
34 21 80
100 17 30
91 86 25
0 68 90
31 20 6
53 89 74
39 12 84
31 86 25
65 34 26
95 85 18
33 70 76
64 81 11
82 45 77
23 17 75
64 38 29
64 16 62
83 83 38
29 72 80
51 16 83
13 63 44
38 18 100
54 7 5
57 27 68
46 69 58
96 74 56
99 92 60
13 78 5
34 85 73
77 31 9
87 93 35
37 65 24
41 85 37
98 100 65
55 47 53
46 100 56
95 85 81
5 77 3
81 40 43
21 61 42
93 81 97
0 92 67
67 83 21
38 20 36
2 35 88
97 61 94
55 68 37
16 66 96
85 68 41
18 69 54
72 15 93
23 8 13
75 56 53
95 11 94
83 77 98
19 77 96
13 47 81
52 39 2
53 90 67
90 70 34
30 5 55
24 89 95
98 28 93
56 43 8
54 70 59
95 11 94
37 2 41
53 48 96
45 38 11
61 18 70
79 87 63
55 65 61
22 14 70
55 12 25
85 33 65
26 26 94
55 94 27
3 53 40
58 85 42
17 6 40
40 29 19
58 91 89
62 57 13
58 18 38
8 78 93
74 13 7
46 100 80
67 1 56
22 15 99
41 35 64
56 48 75
100 64 45
48 38 28
33 24 78
97 83 99
90 37 82
19 38 41
49 22 17
91 63 85
29 81 85
12 72 15
55 84 13
98 87 25
21 81 30
97 40 88
20 71 63
57 58 89
12 83 57
11 72 92
65 42 19
52 71 98
33 36 11
87 20 40
67 67 62
54 8 62
23 7 39
91 2 12
17 79 13
33 60 68
91 47 20
85 2 99
59 75 32
68 55 29
67 10 77
95 33 26
96 10 58
38 68 94
10 33 33
26 4 85
74 29 63
6 53 79
45 12 15
64 96 55
24 81 77
17 53 33
69 62 92
43 19 26
74 77 38
83 77 15
1 13 64
91 5 25
19 13 36
45 19 56
60 68 69
69 91 72
88 40 84
16 48 34
38 13 25
70 88 73
76 9 32
91 22 82
87 47 83
14 12 58
48 62 3
34 78 21
6 36 66
91 74 34
87 66 72
32 60 75
86 92 88
28 62 38
55 83 24
34 9 32
38 8 35
99 35 58
52 79 8
26 2 42
40 87 59
22 89 58
40 76 92
100 90 10
31 11 66
25 18 17
13 15 75
55 37 9
75 97 59
0 42 24
2 48 25
90 78 19
96 100 18
44 31 91
2 47 93
57 14 13
94 13 95
51 22 21
79 12 10
3 66 73
7 55 85
95 44 79
60 24 94
27 23 72
5 42 25
18 82 44
42 93 80
14 98 61
1 94 5
43 82 18
18 66 28
100 39 9
70 25 2
43 30 26
35 87 31
52 27 3
56 87 92
77 88 1
77 61 9
8 2 87
62 46 8
9 10 84
93 28 75
49 34 10
47 88 38
12 33 57
51 66 33
40 67 34
47 8 15
82 79 96
50 27 13
38 100 15
49 18 95
0 71 40
45 70 62
5 77 17
99 62 71
48 52 2
33 17 14
12 24 3
18 89 10
8 90 85
24 100 35
6 90 7
77 89 85
28 2 36
58 86 97
20 60 75
21 28 21
91 10 57
37 87 8
6 12 13
91 9 77
35 62 33
87 63 13
47 85 3
10 67 92
14 30 25
33 84 61
23 58 58
41 67 73
39 68 89
37 87 64
45 3 87
53 66 72
66 89 30
57 98 14
33 18 17
77 76 20
79 67 41
17 24 45
2 100 54
94 30 67
83 25 47
12 98 95
91 77 4
80 2 41
11 69 57
84 69 3
55 77 36
18 13 17
41 87 80
76 78 55
73 91 41
82 89 7
82 32 14
80 22 42
55 82 21
60 34 72
28 88 81
61 71 58
0 32 79
58 12 24
75 69 6
60 29 94
16 88 96
68 47 78
64 25 83
83 15 78
39 42 75
26 7 46
73 44 1
4 64 27
28 9 52
10 5 43
79 70 92
57 75 37
46 59 25
64 85 30
75 63 74
16 81 80
53 86 23
100 76 79
77 67 94
39 62 18
59 43 87
75 52 73
33 39 73
41 20 71
82 93 96
58 99 46
16 74 2
65 69 32
1 52 5
15 70 53
65 83 43
53 5 47
79 8 72
9 100 8
11 78 3
25 43 87
36 87 6
21 17 22
47 53 21
71 86 34
70 42 40
17 26 74
3 8 88
83 12 56
97 44 60
28 81 52
51 52 94
47 27 8
14 72 37
34 54 33
53 77 48
51 32 31
83 88 33
31 43 35
23 35 44
73 6 68
10 55 27
1 55 20
65 81 74
82 98 10
57 61 15
19 78 93
12 71 89
61 30 32
76 84 67
61 11 30
100 63 3
0 54 4
90 77 46
3 89 85
61 9 64
100 55 38
75 2 67
75 33 74
53 48 15
98 38 32
65 46 89
16 11 38
20 94 40
43 86 20
66 22 24
35 43 32
38 10 22
1 23 28
9 67 98
42 33 8
4 87 25
13 55 55
71 83 38
61 11 61
47 74 14
91 65 22
84 90 42
92 7 98
12 55 55
73 41 26
67 23 25
35 97 48
51 36 99
8 47 90
48 64 69
91 25 16
75 91 13
44 65 58
14 63 94
28 1 34
18 28 91
57 26 71
21 57 20
3 22 39
85 71 33
22 20 89
98 83 39
17 89 70
82 87 30
34 26 6
37 56 98
59 89 41
25 65 34
44 35 57
96 23 25
24 98 37
36 4 21
95 24 55
